# x              t               rho            
#====================================================
00               0.5             
0.06250               0.5             
0.1250               0.5             
0.18750               0.5             
0.250               0.500004        
0.31250               0.500063        
0.3750               0.500374        
0.43750               0.5009          
0.50               0.50089         
0.56250               0.500362        
0.6250               0.500061        
0.68750               0.500004        
0.750               0.5             
0.81250               0.5             
0.8750               0.5             
0.93750               0.5             

01               0.5             
0.06251               0.5             
0.1251               0.5             
0.18751               0.5             
0.251               0.500004        
0.31251               0.500064        
0.3751               0.50038         
0.43751               0.500905        
0.51               0.500885        
0.56251               0.500356        
0.6251               0.50006         
0.68751               0.500004        
0.751               0.5             
0.81251               0.5             
0.8751               0.5             
0.93751               0.5             

02               0.5             
0.06252               0.5             
0.1252               0.5             
0.18752               0.5             
0.252               0.500004        
0.31252               0.500065        
0.3752               0.500386        
0.43752               0.500909        
0.52               0.500879        
0.56252               0.50035         
0.6252               0.500059        
0.68752               0.500004        
0.752               0.5             
0.81252               0.5             
0.8752               0.5             
0.93752               0.5             

03               0.5             
0.06253               0.5             
0.1253               0.5             
0.18753               0.5             
0.253               0.500004        
0.31253               0.500067        
0.3753               0.500392        
0.43753               0.500914        
0.53               0.500874        
0.56253               0.500345        
0.6253               0.500058        
0.68753               0.500004        
0.753               0.5             
0.81253               0.5             
0.8753               0.5             
0.93753               0.5             

04               0.5             
0.06254               0.5             
0.1254               0.5             
0.18754               0.5             
0.254               0.500004        
0.31254               0.500068        
0.3754               0.500399        
0.43754               0.500919        
0.54               0.500869        
0.56254               0.500339        
0.6254               0.500057        
0.68754               0.500004        
0.754               0.5             
0.81254               0.5             
0.8754               0.5             
0.93754               0.5             

05               0.5             
0.06255               0.5             
0.1255               0.5             
0.18755               0.5             
0.255               0.500005        
0.31255               0.500069        
0.3755               0.500405        
0.43755               0.500923        
0.55               0.500863        
0.56255               0.500333        
0.6255               0.500057        
0.68755               0.500004        
0.755               0.5             
0.81255               0.5             
0.8755               0.5             
0.93755               0.5             

06               0.5             
0.06256               0.5             
0.1256               0.5             
0.18756               0.5             
0.256               0.500005        
0.31256               0.50007         
0.3756               0.500411        
0.43756               0.500927        
0.56               0.500858        
0.56256               0.500328        
0.6256               0.500056        
0.68756               0.500004        
0.756               0.5             
0.81256               0.5             
0.8756               0.5             
0.93756               0.5             

07               0.5             
0.06257               0.5             
0.1257               0.5             
0.18757               0.5             
0.257               0.500005        
0.31257               0.500071        
0.3757               0.500418        
0.43757               0.500931        
0.57               0.500852        
0.56257               0.500322        
0.6257               0.500055        
0.68757               0.500004        
0.757               0.5             
0.81257               0.5             
0.8757               0.5             
0.93757               0.5             

08               0.5             
0.06258               0.5             
0.1258               0.5             
0.18758               0.5             
0.258               0.500005        
0.31258               0.500073        
0.3758               0.500424        
0.43758               0.500935        
0.58               0.500846        
0.56258               0.500317        
0.6258               0.500054        
0.68758               0.500004        
0.758               0.5             
0.81258               0.5             
0.8758               0.5             
0.93758               0.5             

09               0.5             
0.06259               0.5             
0.1259               0.5             
0.18759               0.5             
0.259               0.500005        
0.31259               0.500074        
0.3759               0.500431        
0.43759               0.500939        
0.59               0.50084         
0.56259               0.500312        
0.6259               0.500054        
0.68759               0.500004        
0.759               0.5             
0.81259               0.5             
0.8759               0.5             
0.93759               0.5             

010              0.5             
0.062510              0.5             
0.12510              0.5             
0.187510              0.5             
0.2510              0.500005        
0.312510              0.500076        
0.37510              0.500437        
0.437510              0.500943        
0.510              0.500834        
0.562510              0.500306        
0.62510              0.500053        
0.687510              0.500004        
0.7510              0.5             
0.812510              0.5             
0.87510              0.5             
0.937510              0.5             

011              0.5             
0.062511              0.5             
0.12511              0.5             
0.187511              0.5             
0.2511              0.500005        
0.312511              0.500077        
0.37511              0.500444        
0.437511              0.500947        
0.511              0.500828        
0.562511              0.500301        
0.62511              0.500052        
0.687511              0.500004        
0.7511              0.5             
0.812511              0.5             
0.87511              0.5             
0.937511              0.5             

012              0.5             
0.062512              0.5             
0.12512              0.5             
0.187512              0.5             
0.2512              0.500005        
0.312512              0.500078        
0.37512              0.500451        
0.437512              0.500951        
0.512              0.500822        
0.562512              0.500296        
0.62512              0.500051        
0.687512              0.500004        
0.7512              0.5             
0.812512              0.5             
0.87512              0.5             
0.937512              0.5             

013              0.5             
0.062513              0.5             
0.12513              0.5             
0.187513              0.5             
0.2513              0.500005        
0.312513              0.50008         
0.37513              0.500457        
0.437513              0.500954        
0.513              0.500816        
0.562513              0.500291        
0.62513              0.500051        
0.687513              0.500004        
0.7513              0.5             
0.812513              0.5             
0.87513              0.5             
0.937513              0.5             

014              0.5             
0.062514              0.5             
0.12514              0.5             
0.187514              0.5             
0.2514              0.500005        
0.312514              0.500082        
0.37514              0.500464        
0.437514              0.500957        
0.514              0.50081         
0.562514              0.500286        
0.62514              0.50005         
0.687514              0.500004        
0.7514              0.5             
0.812514              0.5             
0.87514              0.5             
0.937514              0.5             

015              0.5             
0.062515              0.5             
0.12515              0.5             
0.187515              0.5             
0.2515              0.500005        
0.312515              0.500083        
0.37515              0.500471        
0.437515              0.500961        
0.515              0.500804        
0.562515              0.500281        
0.62515              0.50005         
0.687515              0.500004        
0.7515              0.5             
0.812515              0.5             
0.87515              0.5             
0.937515              0.5             

016              0.5             
0.062516              0.5             
0.12516              0.5             
0.187516              0.5             
0.2516              0.500005        
0.312516              0.500085        
0.37516              0.500478        
0.437516              0.500964        
0.516              0.500797        
0.562516              0.500276        
0.62516              0.500049        
0.687516              0.500004        
0.7516              0.5             
0.812516              0.5             
0.87516              0.5             
0.937516              0.5             

017              0.5             
0.062517              0.5             
0.12517              0.5             
0.187517              0.5             
0.2517              0.500005        
0.312517              0.500087        
0.37517              0.500485        
0.437517              0.500967        
0.517              0.500791        
0.562517              0.500272        
0.62517              0.500048        
0.687517              0.500004        
0.7517              0.5             
0.812517              0.5             
0.87517              0.5             
0.937517              0.5             

018              0.5             
0.062518              0.5             
0.12518              0.5             
0.187518              0.5             
0.2518              0.500005        
0.312518              0.500088        
0.37518              0.500492        
0.437518              0.50097         
0.518              0.500784        
0.562518              0.500267        
0.62518              0.500048        
0.687518              0.500004        
0.7518              0.5             
0.812518              0.5             
0.87518              0.5             
0.937518              0.5             

019              0.5             
0.062519              0.5             
0.12519              0.5             
0.187519              0.5             
0.2519              0.500005        
0.312519              0.50009         
0.37519              0.500499        
0.437519              0.500972        
0.519              0.500778        
0.562519              0.500263        
0.62519              0.500047        
0.687519              0.500004        
0.7519              0.5             
0.812519              0.5             
0.87519              0.5             
0.937519              0.5             

020              0.5             
0.062520              0.5             
0.12520              0.5             
0.187520              0.5             
0.2520              0.500005        
0.312520              0.500092        
0.37520              0.500506        
0.437520              0.500975        
0.520              0.500771        
0.562520              0.500258        
0.62520              0.500047        
0.687520              0.500004        
0.7520              0.5             
0.812520              0.5             
0.87520              0.5             
0.937520              0.5             

021              0.5             
0.062521              0.5             
0.12521              0.5             
0.187521              0.5             
0.2521              0.500005        
0.312521              0.500094        
0.37521              0.500513        
0.437521              0.500977        
0.521              0.500764        
0.562521              0.500254        
0.62521              0.500046        
0.687521              0.500004        
0.7521              0.5             
0.812521              0.5             
0.87521              0.5             
0.937521              0.5             

022              0.5             
0.062522              0.5             
0.12522              0.5             
0.187522              0.5             
0.2522              0.500005        
0.312522              0.500096        
0.37522              0.50052         
0.437522              0.50098         
0.522              0.500758        
0.562522              0.500249        
0.62522              0.500046        
0.687522              0.500004        
0.7522              0.5             
0.812522              0.5             
0.87522              0.5             
0.937522              0.5             

023              0.5             
0.062523              0.5             
0.12523              0.5             
0.187523              0.5             
0.2523              0.500005        
0.312523              0.500098        
0.37523              0.500527        
0.437523              0.500982        
0.523              0.500751        
0.562523              0.500245        
0.62523              0.500045        
0.687523              0.500004        
0.7523              0.5             
0.812523              0.5             
0.87523              0.5             
0.937523              0.5             

024              0.5             
0.062524              0.5             
0.12524              0.5             
0.187524              0.5             
0.2524              0.500006        
0.312524              0.5001          
0.37524              0.500535        
0.437524              0.500984        
0.524              0.500744        
0.562524              0.500241        
0.62524              0.500045        
0.687524              0.500004        
0.7524              0.5             
0.812524              0.5             
0.87524              0.5             
0.937524              0.5             

025              0.5             
0.062525              0.5             
0.12525              0.5             
0.187525              0.5             
0.2525              0.500006        
0.312525              0.500103        
0.37525              0.500542        
0.437525              0.500986        
0.525              0.500737        
0.562525              0.500237        
0.62525              0.500045        
0.687525              0.500004        
0.7525              0.5             
0.812525              0.5             
0.87525              0.5             
0.937525              0.5             

026              0.5             
0.062526              0.5             
0.12526              0.5             
0.187526              0.5             
0.2526              0.500006        
0.312526              0.500105        
0.37526              0.500549        
0.437526              0.500988        
0.526              0.50073         
0.562526              0.500233        
0.62526              0.500044        
0.687526              0.500004        
0.7526              0.5             
0.812526              0.5             
0.87526              0.5             
0.937526              0.5             

027              0.5             
0.062527              0.5             
0.12527              0.5             
0.187527              0.5             
0.2527              0.500006        
0.312527              0.500107        
0.37527              0.500556        
0.437527              0.50099         
0.527              0.500724        
0.562527              0.500229        
0.62527              0.500044        
0.687527              0.500004        
0.7527              0.5             
0.812527              0.5             
0.87527              0.5             
0.937527              0.5             

028              0.5             
0.062528              0.5             
0.12528              0.5             
0.187528              0.5             
0.2528              0.500006        
0.312528              0.500109        
0.37528              0.500563        
0.437528              0.500991        
0.528              0.500717        
0.562528              0.500225        
0.62528              0.500043        
0.687528              0.500004        
0.7528              0.5             
0.812528              0.5             
0.87528              0.5             
0.937528              0.5             

029              0.5             
0.062529              0.5             
0.12529              0.5             
0.187529              0.5             
0.2529              0.500006        
0.312529              0.500112        
0.37529              0.500571        
0.437529              0.500992        
0.529              0.50071         
0.562529              0.500221        
0.62529              0.500043        
0.687529              0.500004        
0.7529              0.5             
0.812529              0.5             
0.87529              0.5             
0.937529              0.5             

030              0.5             
0.062530              0.5             
0.12530              0.5             
0.187530              0.5             
0.2530              0.500006        
0.312530              0.500114        
0.37530              0.500578        
0.437530              0.500994        
0.530              0.500703        
0.562530              0.500217        
0.62530              0.500043        
0.687530              0.500004        
0.7530              0.5             
0.812530              0.5             
0.87530              0.5             
0.937530              0.5             

031              0.5             
0.062531              0.5             
0.12531              0.5             
0.187531              0.5             
0.2531              0.500006        
0.312531              0.500117        
0.37531              0.500585        
0.437531              0.500995        
0.531              0.500695        
0.562531              0.500214        
0.62531              0.500042        
0.687531              0.500004        
0.7531              0.5             
0.812531              0.5             
0.87531              0.5             
0.937531              0.5             

032              0.5             
0.062532              0.5             
0.12532              0.5             
0.187532              0.5             
0.2532              0.500006        
0.312532              0.500119        
0.37532              0.500593        
0.437532              0.500996        
0.532              0.500688        
0.562532              0.50021         
0.62532              0.500042        
0.687532              0.500004        
0.7532              0.5             
0.812532              0.5             
0.87532              0.5             
0.937532              0.5             

033              0.5             
0.062533              0.5             
0.12533              0.5             
0.187533              0.5             
0.2533              0.500006        
0.312533              0.500122        
0.37533              0.5006          
0.437533              0.500997        
0.533              0.500681        
0.562533              0.500207        
0.62533              0.500042        
0.687533              0.500004        
0.7533              0.5             
0.812533              0.5             
0.87533              0.5             
0.937533              0.5             

034              0.5             
0.062534              0.5             
0.12534              0.5             
0.187534              0.5             
0.2534              0.500006        
0.312534              0.500125        
0.37534              0.500607        
0.437534              0.500997        
0.534              0.500674        
0.562534              0.500203        
0.62534              0.500041        
0.687534              0.500004        
0.7534              0.5             
0.812534              0.5             
0.87534              0.5             
0.937534              0.5             

035              0.5             
0.062535              0.5             
0.12535              0.5             
0.187535              0.5             
0.2535              0.500007        
0.312535              0.500128        
0.37535              0.500615        
0.437535              0.500998        
0.535              0.500667        
0.562535              0.5002          
0.62535              0.500041        
0.687535              0.500004        
0.7535              0.5             
0.812535              0.5             
0.87535              0.5             
0.937535              0.5             

036              0.5             
0.062536              0.5             
0.12536              0.5             
0.187536              0.5             
0.2536              0.500007        
0.312536              0.50013         
0.37536              0.500622        
0.437536              0.500998        
0.536              0.50066         
0.562536              0.500197        
0.62536              0.500041        
0.687536              0.500004        
0.7536              0.5             
0.812536              0.5             
0.87536              0.5             
0.937536              0.5             

037              0.5             
0.062537              0.5             
0.12537              0.5             
0.187537              0.5             
0.2537              0.500007        
0.312537              0.500133        
0.37537              0.500629        
0.437537              0.500999        
0.537              0.500653        
0.562537              0.500193        
0.62537              0.50004         
0.687537              0.500004        
0.7537              0.5             
0.812537              0.5             
0.87537              0.5             
0.937537              0.5             

038              0.5             
0.062538              0.5             
0.12538              0.5             
0.187538              0.5             
0.2538              0.500007        
0.312538              0.500136        
0.37538              0.500637        
0.437538              0.500999        
0.538              0.500645        
0.562538              0.50019         
0.62538              0.50004         
0.687538              0.500004        
0.7538              0.5             
0.812538              0.5             
0.87538              0.5             
0.937538              0.5             

039              0.5             
0.062539              0.5             
0.12539              0.5             
0.187539              0.5             
0.2539              0.500007        
0.312539              0.50014         
0.37539              0.500644        
0.437539              0.500999        
0.539              0.500638        
0.562539              0.500187        
0.62539              0.50004         
0.687539              0.500004        
0.7539              0.5             
0.812539              0.5             
0.87539              0.5             
0.937539              0.5             

040              0.5             
0.062540              0.5             
0.12540              0.5             
0.187540              0.5             
0.2540              0.500007        
0.312540              0.500143        
0.37540              0.500651        
0.437540              0.500999        
0.540              0.500631        
0.562540              0.500184        
0.62540              0.50004         
0.687540              0.500004        
0.7540              0.5             
0.812540              0.5             
0.87540              0.5             
0.937540              0.5             

041              0.5             
0.062541              0.5             
0.12541              0.5             
0.187541              0.5             
0.2541              0.500007        
0.312541              0.500146        
0.37541              0.500659        
0.437541              0.500999        
0.541              0.500624        
0.562541              0.500181        
0.62541              0.500039        
0.687541              0.500004        
0.7541              0.5             
0.812541              0.5             
0.87541              0.5             
0.937541              0.5             

042              0.5             
0.062542              0.5             
0.12542              0.5             
0.187542              0.5             
0.2542              0.500008        
0.312542              0.500149        
0.37542              0.500666        
0.437542              0.500998        
0.542              0.500616        
0.562542              0.500178        
0.62542              0.500039        
0.687542              0.500004        
0.7542              0.5             
0.812542              0.5             
0.87542              0.5             
0.937542              0.5             

043              0.5             
0.062543              0.5             
0.12543              0.5             
0.187543              0.5             
0.2543              0.500008        
0.312543              0.500153        
0.37543              0.500673        
0.437543              0.500998        
0.543              0.500609        
0.562543              0.500176        
0.62543              0.500039        
0.687543              0.500004        
0.7543              0.5             
0.812543              0.5             
0.87543              0.5             
0.937543              0.5             

044              0.5             
0.062544              0.5             
0.12544              0.5             
0.187544              0.5             
0.2544              0.500008        
0.312544              0.500156        
0.37544              0.500681        
0.437544              0.500997        
0.544              0.500602        
0.562544              0.500173        
0.62544              0.500039        
0.687544              0.500004        
0.7544              0.5             
0.812544              0.5             
0.87544              0.5             
0.937544              0.5             

045              0.5             
0.062545              0.5             
0.12545              0.5             
0.187545              0.5             
0.2545              0.500008        
0.312545              0.500159        
0.37545              0.500688        
0.437545              0.500996        
0.545              0.500595        
0.562545              0.50017         
0.62545              0.500038        
0.687545              0.500004        
0.7545              0.5             
0.812545              0.5             
0.87545              0.5             
0.937545              0.5             

046              0.5             
0.062546              0.5             
0.12546              0.5             
0.187546              0.5             
0.2546              0.500008        
0.312546              0.500163        
0.37546              0.500695        
0.437546              0.500995        
0.546              0.500588        
0.562546              0.500168        
0.62546              0.500038        
0.687546              0.500004        
0.7546              0.5             
0.812546              0.5             
0.87546              0.5             
0.937546              0.5             

047              0.5             
0.062547              0.5             
0.12547              0.5             
0.187547              0.5             
0.2547              0.500009        
0.312547              0.500167        
0.37547              0.500702        
0.437547              0.500994        
0.547              0.50058         
0.562547              0.500165        
0.62547              0.500038        
0.687547              0.500004        
0.7547              0.5             
0.812547              0.5             
0.87547              0.5             
0.937547              0.5             

048              0.5             
0.062548              0.5             
0.12548              0.5             
0.187548              0.5             
0.2548              0.500009        
0.312548              0.50017         
0.37548              0.50071         
0.437548              0.500993        
0.548              0.500573        
0.562548              0.500163        
0.62548              0.500038        
0.687548              0.500003        
0.7548              0.5             
0.812548              0.5             
0.87548              0.5             
0.937548              0.5             

049              0.5             
0.062549              0.5             
0.12549              0.5             
0.187549              0.5             
0.2549              0.500009        
0.312549              0.500174        
0.37549              0.500717        
0.437549              0.500991        
0.549              0.500566        
0.562549              0.50016         
0.62549              0.500038        
0.687549              0.500003        
0.7549              0.5             
0.812549              0.5             
0.87549              0.5             
0.937549              0.5             

050              0.5             
0.062550              0.5             
0.12550              0.5             
0.187550              0.5             
0.2550              0.500009        
0.312550              0.500178        
0.37550              0.500724        
0.437550              0.50099         
0.550              0.500559        
0.562550              0.500158        
0.62550              0.500037        
0.687550              0.500003        
0.7550              0.5             
0.812550              0.5             
0.87550              0.5             
0.937550              0.5             

051              0.5             
0.062551              0.5             
0.12551              0.5             
0.187551              0.5             
0.2551              0.500009        
0.312551              0.500182        
0.37551              0.500731        
0.437551              0.500988        
0.551              0.500552        
0.562551              0.500155        
0.62551              0.500037        
0.687551              0.500003        
0.7551              0.5             
0.812551              0.5             
0.87551              0.5             
0.937551              0.5             

052              0.5             
0.062552              0.5             
0.12552              0.5             
0.187552              0.5             
0.2552              0.50001         
0.312552              0.500186        
0.37552              0.500738        
0.437552              0.500986        
0.552              0.500544        
0.562552              0.500153        
0.62552              0.500037        
0.687552              0.500003        
0.7552              0.5             
0.812552              0.5             
0.87552              0.5             
0.937552              0.5             

053              0.5             
0.062553              0.5             
0.12553              0.5             
0.187553              0.5             
0.2553              0.50001         
0.312553              0.50019         
0.37553              0.500745        
0.437553              0.500984        
0.553              0.500537        
0.562553              0.500151        
0.62553              0.500037        
0.687553              0.500003        
0.7553              0.5             
0.812553              0.5             
0.87553              0.5             
0.937553              0.5             

054              0.5             
0.062554              0.5             
0.12554              0.5             
0.187554              0.5             
0.2554              0.50001         
0.312554              0.500194        
0.37554              0.500752        
0.437554              0.500982        
0.554              0.50053         
0.562554              0.500149        
0.62554              0.500037        
0.687554              0.500003        
0.7554              0.5             
0.812554              0.5             
0.87554              0.5             
0.937554              0.5             

055              0.5             
0.062555              0.5             
0.12555              0.5             
0.187555              0.5             
0.2555              0.500011        
0.312555              0.500199        
0.37555              0.500759        
0.437555              0.50098         
0.555              0.500523        
0.562555              0.500147        
0.62555              0.500037        
0.687555              0.500003        
0.7555              0.5             
0.812555              0.5             
0.87555              0.5             
0.937555              0.5             

056              0.5             
0.062556              0.5             
0.12556              0.5             
0.187556              0.5             
0.2556              0.500011        
0.312556              0.500203        
0.37556              0.500766        
0.437556              0.500978        
0.556              0.500516        
0.562556              0.500145        
0.62556              0.500036        
0.687556              0.500003        
0.7556              0.5             
0.812556              0.5             
0.87556              0.5             
0.937556              0.5             

057              0.5             
0.062557              0.5             
0.12557              0.5             
0.187557              0.5             
0.2557              0.500011        
0.312557              0.500208        
0.37557              0.500773        
0.437557              0.500975        
0.557              0.500509        
0.562557              0.500143        
0.62557              0.500036        
0.687557              0.500003        
0.7557              0.5             
0.812557              0.5             
0.87557              0.5             
0.937557              0.5             

058              0.5             
0.062558              0.5             
0.12558              0.5             
0.187558              0.5             
0.2558              0.500011        
0.312558              0.500212        
0.37558              0.500779        
0.437558              0.500973        
0.558              0.500502        
0.562558              0.500141        
0.62558              0.500036        
0.687558              0.500003        
0.7558              0.5             
0.812558              0.5             
0.87558              0.5             
0.937558              0.5             

059              0.5             
0.062559              0.5             
0.12559              0.5             
0.187559              0.5             
0.2559              0.500012        
0.312559              0.500217        
0.37559              0.500786        
0.437559              0.50097         
0.559              0.500495        
0.562559              0.500139        
0.62559              0.500036        
0.687559              0.500003        
0.7559              0.5             
0.812559              0.5             
0.87559              0.5             
0.937559              0.5             

060              0.5             
0.062560              0.5             
0.12560              0.5             
0.187560              0.5             
0.2560              0.500012        
0.312560              0.500221        
0.37560              0.500793        
0.437560              0.500967        
0.560              0.500488        
0.562560              0.500137        
0.62560              0.500036        
0.687560              0.500003        
0.7560              0.5             
0.812560              0.5             
0.87560              0.5             
0.937560              0.5             

061              0.5             
0.062561              0.5             
0.12561              0.5             
0.187561              0.5             
0.2561              0.500013        
0.312561              0.500226        
0.37561              0.500799        
0.437561              0.500964        
0.561              0.500482        
0.562561              0.500136        
0.62561              0.500036        
0.687561              0.500003        
0.7561              0.5             
0.812561              0.5             
0.87561              0.5             
0.937561              0.5             

062              0.5             
0.062562              0.5             
0.12562              0.5             
0.187562              0.5             
0.2562              0.500013        
0.312562              0.500231        
0.37562              0.500806        
0.437562              0.500961        
0.562              0.500475        
0.562562              0.500134        
0.62562              0.500036        
0.687562              0.500003        
0.7562              0.5             
0.812562              0.5             
0.87562              0.5             
0.937562              0.5             

063              0.5             
0.062563              0.5             
0.12563              0.5             
0.187563              0.5             
0.2563              0.500013        
0.312563              0.500236        
0.37563              0.500812        
0.437563              0.500958        
0.563              0.500468        
0.562563              0.500132        
0.62563              0.500035        
0.687563              0.500003        
0.7563              0.5             
0.812563              0.5             
0.87563              0.5             
0.937563              0.5             

064              0.5             
0.062564              0.5             
0.12564              0.5             
0.187564              0.5             
0.2564              0.500014        
0.312564              0.500241        
0.37564              0.500819        
0.437564              0.500954        
0.564              0.500461        
0.562564              0.500131        
0.62564              0.500035        
0.687564              0.500003        
0.7564              0.5             
0.812564              0.5             
0.87564              0.5             
0.937564              0.5             

065              0.5             
0.062565              0.5             
0.12565              0.5             
0.187565              0.5             
0.2565              0.500014        
0.312565              0.500246        
0.37565              0.500825        
0.437565              0.500951        
0.565              0.500455        
0.562565              0.500129        
0.62565              0.500035        
0.687565              0.500003        
0.7565              0.5             
0.812565              0.5             
0.87565              0.5             
0.937565              0.5             

066              0.5             
0.062566              0.5             
0.12566              0.5             
0.187566              0.5             
0.2566              0.500015        
0.312566              0.500251        
0.37566              0.500832        
0.437566              0.500947        
0.566              0.500448        
0.562566              0.500127        
0.62566              0.500035        
0.687566              0.500003        
0.7566              0.5             
0.812566              0.5             
0.87566              0.5             
0.937566              0.5             

067              0.5             
0.062567              0.5             
0.12567              0.5             
0.187567              0.5             
0.2567              0.500015        
0.312567              0.500256        
0.37567              0.500838        
0.437567              0.500944        
0.567              0.500441        
0.562567              0.500126        
0.62567              0.500035        
0.687567              0.500003        
0.7567              0.5             
0.812567              0.5             
0.87567              0.5             
0.937567              0.5             

068              0.5             
0.062568              0.5             
0.12568              0.5             
0.187568              0.5             
0.2568              0.500016        
0.312568              0.500262        
0.37568              0.500844        
0.437568              0.50094         
0.568              0.500435        
0.562568              0.500125        
0.62568              0.500035        
0.687568              0.500003        
0.7568              0.5             
0.812568              0.5             
0.87568              0.5             
0.937568              0.5             

069              0.5             
0.062569              0.5             
0.12569              0.5             
0.187569              0.5             
0.2569              0.500016        
0.312569              0.500267        
0.37569              0.50085         
0.437569              0.500936        
0.569              0.500428        
0.562569              0.500123        
0.62569              0.500035        
0.687569              0.500003        
0.7569              0.5             
0.812569              0.5             
0.87569              0.5             
0.937569              0.5             

070              0.5             
0.062570              0.5             
0.12570              0.5             
0.187570              0.5             
0.2570              0.500017        
0.312570              0.500272        
0.37570              0.500856        
0.437570              0.500932        
0.570              0.500422        
0.562570              0.500122        
0.62570              0.500035        
0.687570              0.500003        
0.7570              0.5             
0.812570              0.5             
0.87570              0.5             
0.937570              0.5             

071              0.5             
0.062571              0.5             
0.12571              0.5             
0.187571              0.5             
0.2571              0.500017        
0.312571              0.500278        
0.37571              0.500862        
0.437571              0.500927        
0.571              0.500416        
0.562571              0.500121        
0.62571              0.500034        
0.687571              0.500003        
0.7571              0.5             
0.812571              0.5             
0.87571              0.5             
0.937571              0.5             

072              0.5             
0.062572              0.5             
0.12572              0.5             
0.187572              0.5             
0.2572              0.500018        
0.312572              0.500284        
0.37572              0.500868        
0.437572              0.500923        
0.572              0.500409        
0.562572              0.500119        
0.62572              0.500034        
0.687572              0.500003        
0.7572              0.5             
0.812572              0.5             
0.87572              0.5             
0.937572              0.5             

073              0.5             
0.062573              0.5             
0.12573              0.5             
0.187573              0.5             
0.2573              0.500019        
0.312573              0.500289        
0.37573              0.500874        
0.437573              0.500919        
0.573              0.500403        
0.562573              0.500118        
0.62573              0.500034        
0.687573              0.500003        
0.7573              0.5             
0.812573              0.5             
0.87573              0.5             
0.937573              0.5             

074              0.5             
0.062574              0.5             
0.12574              0.5             
0.187574              0.5             
0.2574              0.500019        
0.312574              0.500295        
0.37574              0.500879        
0.437574              0.500914        
0.574              0.500397        
0.562574              0.500117        
0.62574              0.500034        
0.687574              0.500003        
0.7574              0.5             
0.812574              0.5             
0.87574              0.5             
0.937574              0.5             

075              0.5             
0.062575              0.5             
0.12575              0.5             
0.187575              0.5             
0.2575              0.50002         
0.312575              0.500301        
0.37575              0.500885        
0.437575              0.500909        
0.575              0.500391        
0.562575              0.500116        
0.62575              0.500034        
0.687575              0.500003        
0.7575              0.5             
0.812575              0.5             
0.87575              0.5             
0.937575              0.5             

076              0.5             
0.062576              0.5             
0.12576              0.5             
0.187576              0.5             
0.2576              0.500021        
0.312576              0.500307        
0.37576              0.50089         
0.437576              0.500905        
0.576              0.500385        
0.562576              0.500115        
0.62576              0.500034        
0.687576              0.500003        
0.7576              0.5             
0.812576              0.5             
0.87576              0.5             
0.937576              0.5             

077              0.5             
0.062577              0.5             
0.12577              0.5             
0.187577              0.5             
0.2577              0.500021        
0.312577              0.500313        
0.37577              0.500896        
0.437577              0.5009          
0.577              0.500379        
0.562577              0.500113        
0.62577              0.500034        
0.687577              0.500003        
0.7577              0.5             
0.812577              0.5             
0.87577              0.5             
0.937577              0.5             

078              0.5             
0.062578              0.5             
0.12578              0.5             
0.187578              0.5             
0.2578              0.500022        
0.312578              0.500319        
0.37578              0.500901        
0.437578              0.500895        
0.578              0.500373        
0.562578              0.500112        
0.62578              0.500034        
0.687578              0.500003        
0.7578              0.5             
0.812578              0.5             
0.87578              0.5             
0.937578              0.5             

079              0.5             
0.062579              0.5             
0.12579              0.5             
0.187579              0.5             
0.2579              0.500023        
0.312579              0.500325        
0.37579              0.500906        
0.437579              0.50089         
0.579              0.500367        
0.562579              0.500111        
0.62579              0.500034        
0.687579              0.500003        
0.7579              0.5             
0.812579              0.5             
0.87579              0.5             
0.937579              0.5             

080              0.5             
0.062580              0.5             
0.12580              0.5             
0.187580              0.5             
0.2580              0.500024        
0.312580              0.500331        
0.37580              0.500911        
0.437580              0.500884        
0.580              0.500361        
0.562580              0.50011         
0.62580              0.500034        
0.687580              0.500003        
0.7580              0.5             
0.812580              0.5             
0.87580              0.5             
0.937580              0.5             

081              0.5             
0.062581              0.5             
0.12581              0.5             
0.187581              0.5             
0.2581              0.500024        
0.312581              0.500337        
0.37581              0.500916        
0.437581              0.500879        
0.581              0.500355        
0.562581              0.500109        
0.62581              0.500033        
0.687581              0.500003        
0.7581              0.5             
0.812581              0.5             
0.87581              0.5             
0.937581              0.5             

082              0.5             
0.062582              0.5             
0.12582              0.5             
0.187582              0.5             
0.2582              0.500025        
0.312582              0.500344        
0.37582              0.500921        
0.437582              0.500874        
0.582              0.50035         
0.562582              0.500109        
0.62582              0.500033        
0.687582              0.500003        
0.7582              0.5             
0.812582              0.5             
0.87582              0.5             
0.937582              0.5             

083              0.5             
0.062583              0.5             
0.12583              0.5             
0.187583              0.5             
0.2583              0.500026        
0.312583              0.50035         
0.37583              0.500926        
0.437583              0.500868        
0.583              0.500344        
0.562583              0.500108        
0.62583              0.500033        
0.687583              0.500003        
0.7583              0.5             
0.812583              0.5             
0.87583              0.5             
0.937583              0.5             

084              0.5             
0.062584              0.5             
0.12584              0.5             
0.187584              0.5             
0.2584              0.500027        
0.312584              0.500356        
0.37584              0.500931        
0.437584              0.500863        
0.584              0.500338        
0.562584              0.500107        
0.62584              0.500033        
0.687584              0.500003        
0.7584              0.5             
0.812584              0.5             
0.87584              0.5             
0.937584              0.5             

085              0.5             
0.062585              0.5             
0.12585              0.5             
0.187585              0.5             
0.2585              0.500028        
0.312585              0.500363        
0.37585              0.500935        
0.437585              0.500857        
0.585              0.500333        
0.562585              0.500106        
0.62585              0.500033        
0.687585              0.500003        
0.7585              0.5             
0.812585              0.5             
0.87585              0.5             
0.937585              0.5             

086              0.5             
0.062586              0.5             
0.12586              0.5             
0.187586              0.5             
0.2586              0.500029        
0.312586              0.50037         
0.37586              0.50094         
0.437586              0.500851        
0.586              0.500328        
0.562586              0.500105        
0.62586              0.500033        
0.687586              0.500003        
0.7586              0.5             
0.812586              0.5             
0.87586              0.5             
0.937586              0.5             

087              0.5             
0.062587              0.5             
0.12587              0.5             
0.187587              0.5             
0.2587              0.50003         
0.312587              0.500376        
0.37587              0.500944        
0.437587              0.500845        
0.587              0.500322        
0.562587              0.500104        
0.62587              0.500033        
0.687587              0.500003        
0.7587              0.5             
0.812587              0.5             
0.87587              0.5             
0.937587              0.5             

088              0.5             
0.062588              0.5             
0.12588              0.5             
0.187588              0.5             
0.2588              0.500031        
0.312588              0.500383        
0.37588              0.500948        
0.437588              0.500839        
0.588              0.500317        
0.562588              0.500104        
0.62588              0.500033        
0.687588              0.500003        
0.7588              0.5             
0.812588              0.5             
0.87588              0.5             
0.937588              0.5             

089              0.5             
0.062589              0.5             
0.12589              0.5             
0.187589              0.5             
0.2589              0.500032        
0.312589              0.50039         
0.37589              0.500952        
0.437589              0.500833        
0.589              0.500312        
0.562589              0.500103        
0.62589              0.500033        
0.687589              0.500003        
0.7589              0.5             
0.812589              0.5             
0.87589              0.5             
0.937589              0.5             

090              0.5             
0.062590              0.5             
0.12590              0.5             
0.187590              0.5             
0.2590              0.500033        
0.312590              0.500397        
0.37590              0.500956        
0.437590              0.500827        
0.590              0.500307        
0.562590              0.500102        
0.62590              0.500033        
0.687590              0.500003        
0.7590              0.5             
0.812590              0.5             
0.87590              0.5             
0.937590              0.5             

091              0.5             
0.062591              0.5             
0.12591              0.5             
0.187591              0.5             
0.2591              0.500035        
0.312591              0.500403        
0.37591              0.50096         
0.437591              0.500821        
0.591              0.500302        
0.562591              0.500101        
0.62591              0.500033        
0.687591              0.500003        
0.7591              0.5             
0.812591              0.5             
0.87591              0.5             
0.937591              0.5             

092              0.5             
0.062592              0.5             
0.12592              0.5             
0.187592              0.5             
0.2592              0.500036        
0.312592              0.50041         
0.37592              0.500964        
0.437592              0.500815        
0.592              0.500297        
0.562592              0.500101        
0.62592              0.500033        
0.687592              0.500003        
0.7592              0.5             
0.812592              0.5             
0.87592              0.5             
0.937592              0.5             

093              0.5             
0.062593              0.5             
0.12593              0.5             
0.187593              0.5             
0.2593              0.500037        
0.312593              0.500417        
0.37593              0.500968        
0.437593              0.500808        
0.593              0.500292        
0.562593              0.5001          
0.62593              0.500032        
0.687593              0.500003        
0.7593              0.5             
0.812593              0.5             
0.87593              0.5             
0.937593              0.5             

094              0.5             
0.062594              0.5             
0.12594              0.5             
0.187594              0.5             
0.2594              0.500039        
0.312594              0.500424        
0.37594              0.500971        
0.437594              0.500802        
0.594              0.500287        
0.562594              0.5001          
0.62594              0.500032        
0.687594              0.500003        
0.7594              0.5             
0.812594              0.5             
0.87594              0.5             
0.937594              0.5             

095              0.5             
0.062595              0.5             
0.12595              0.5             
0.187595              0.5             
0.2595              0.50004         
0.312595              0.500431        
0.37595              0.500975        
0.437595              0.500796        
0.595              0.500282        
0.562595              0.500099        
0.62595              0.500032        
0.687595              0.500003        
0.7595              0.5             
0.812595              0.5             
0.87595              0.5             
0.937595              0.5             

096              0.5             
0.062596              0.5             
0.12596              0.5             
0.187596              0.5             
0.2596              0.500041        
0.312596              0.500439        
0.37596              0.500978        
0.437596              0.500789        
0.596              0.500278        
0.562596              0.500098        
0.62596              0.500032        
0.687596              0.500003        
0.7596              0.5             
0.812596              0.5             
0.87596              0.5             
0.937596              0.5             

097              0.5             
0.062597              0.5             
0.12597              0.5             
0.187597              0.5             
0.2597              0.500043        
0.312597              0.500446        
0.37597              0.500981        
0.437597              0.500782        
0.597              0.500273        
0.562597              0.500098        
0.62597              0.500032        
0.687597              0.500003        
0.7597              0.5             
0.812597              0.5             
0.87597              0.5             
0.937597              0.5             

098              0.5             
0.062598              0.5             
0.12598              0.5             
0.187598              0.5             
0.2598              0.500044        
0.312598              0.500453        
0.37598              0.500984        
0.437598              0.500776        
0.598              0.500269        
0.562598              0.500097        
0.62598              0.500032        
0.687598              0.500003        
0.7598              0.5             
0.812598              0.5             
0.87598              0.5             
0.937598              0.5             

099              0.5             
0.062599              0.5             
0.12599              0.5             
0.187599              0.5             
0.2599              0.500046        
0.312599              0.50046         
0.37599              0.500987        
0.437599              0.500769        
0.599              0.500264        
0.562599              0.500097        
0.62599              0.500032        
0.687599              0.500003        
0.7599              0.5             
0.812599              0.5             
0.87599              0.5             
0.937599              0.5             

