# t              x               rho            
#====================================================
0           0           0.5         
0           0.0666667   0.5         
0           0.133333    0.5         
0           0.2         0.5         
0           0.266667    0.500004    
0           0.333333    0.500062    
0           0.4         0.500368    
0           0.466667    0.500895    
0           0.533333    0.500895    
0           0.6         0.500368    
0           0.666667    0.500062    
0           0.733333    0.500004    
0           0.8         0.5         
0           0.866667    0.5         
0           0.933333    0.5         
0           1           0.5         

1           0           0.5         
1           0.0666667   0.5         
1           0.133333    0.5         
1           0.2         0.5         
1           0.266667    0.500004    
1           0.333333    0.500064    
1           0.4         0.50038     
1           0.466667    0.500905    
1           0.533333    0.500885    
1           0.6         0.500356    
1           0.666667    0.50006     
1           0.733333    0.500004    
1           0.8         0.5         
1           0.866667    0.5         
1           0.933333    0.5         
1           1           0.5         

2           0           0.5         
2           0.0666667   0.5         
2           0.133333    0.5         
2           0.2         0.5         
2           0.266667    0.500004    
2           0.333333    0.500065    
2           0.4         0.500386    
2           0.466667    0.500909    
2           0.533333    0.500879    
2           0.6         0.50035     
2           0.666667    0.500059    
2           0.733333    0.500004    
2           0.8         0.5         
2           0.866667    0.5         
2           0.933333    0.5         
2           1           0.5         

3           0           0.5         
3           0.0666667   0.5         
3           0.133333    0.5         
3           0.2         0.5         
3           0.266667    0.500004    
3           0.333333    0.500067    
3           0.4         0.500392    
3           0.466667    0.500914    
3           0.533333    0.500874    
3           0.6         0.500345    
3           0.666667    0.500058    
3           0.733333    0.500004    
3           0.8         0.5         
3           0.866667    0.5         
3           0.933333    0.5         
3           1           0.5         

4           0           0.5         
4           0.0666667   0.5         
4           0.133333    0.5         
4           0.2         0.5         
4           0.266667    0.500004    
4           0.333333    0.500068    
4           0.4         0.500399    
4           0.466667    0.500919    
4           0.533333    0.500869    
4           0.6         0.500339    
4           0.666667    0.500057    
4           0.733333    0.500004    
4           0.8         0.5         
4           0.866667    0.5         
4           0.933333    0.5         
4           1           0.5         

5           0           0.5         
5           0.0666667   0.5         
5           0.133333    0.5         
5           0.2         0.5         
5           0.266667    0.500005    
5           0.333333    0.500069    
5           0.4         0.500405    
5           0.466667    0.500923    
5           0.533333    0.500863    
5           0.6         0.500333    
5           0.666667    0.500057    
5           0.733333    0.500004    
5           0.8         0.5         
5           0.866667    0.5         
5           0.933333    0.5         
5           1           0.5         

6           0           0.5         
6           0.0666667   0.5         
6           0.133333    0.5         
6           0.2         0.5         
6           0.266667    0.500005    
6           0.333333    0.50007     
6           0.4         0.500411    
6           0.466667    0.500927    
6           0.533333    0.500858    
6           0.6         0.500328    
6           0.666667    0.500056    
6           0.733333    0.500004    
6           0.8         0.5         
6           0.866667    0.5         
6           0.933333    0.5         
6           1           0.5         

7           0           0.5         
7           0.0666667   0.5         
7           0.133333    0.5         
7           0.2         0.5         
7           0.266667    0.500005    
7           0.333333    0.500071    
7           0.4         0.500418    
7           0.466667    0.500931    
7           0.533333    0.500852    
7           0.6         0.500322    
7           0.666667    0.500055    
7           0.733333    0.500004    
7           0.8         0.5         
7           0.866667    0.5         
7           0.933333    0.5         
7           1           0.5         

8           0           0.5         
8           0.0666667   0.5         
8           0.133333    0.5         
8           0.2         0.5         
8           0.266667    0.500005    
8           0.333333    0.500073    
8           0.4         0.500424    
8           0.466667    0.500935    
8           0.533333    0.500846    
8           0.6         0.500317    
8           0.666667    0.500054    
8           0.733333    0.500004    
8           0.8         0.5         
8           0.866667    0.5         
8           0.933333    0.5         
8           1           0.5         

9           0           0.5         
9           0.0666667   0.5         
9           0.133333    0.5         
9           0.2         0.5         
9           0.266667    0.500005    
9           0.333333    0.500074    
9           0.4         0.500431    
9           0.466667    0.500939    
9           0.533333    0.50084     
9           0.6         0.500312    
9           0.666667    0.500054    
9           0.733333    0.500004    
9           0.8         0.5         
9           0.866667    0.5         
9           0.933333    0.5         
9           1           0.5         

10          0           0.5         
10          0.0666667   0.5         
10          0.133333    0.5         
10          0.2         0.5         
10          0.266667    0.500005    
10          0.333333    0.500076    
10          0.4         0.500437    
10          0.466667    0.500943    
10          0.533333    0.500834    
10          0.6         0.500306    
10          0.666667    0.500053    
10          0.733333    0.500004    
10          0.8         0.5         
10          0.866667    0.5         
10          0.933333    0.5         
10          1           0.5         

11          0           0.5         
11          0.0666667   0.5         
11          0.133333    0.5         
11          0.2         0.5         
11          0.266667    0.500005    
11          0.333333    0.500077    
11          0.4         0.500444    
11          0.466667    0.500947    
11          0.533333    0.500828    
11          0.6         0.500301    
11          0.666667    0.500052    
11          0.733333    0.500004    
11          0.8         0.5         
11          0.866667    0.5         
11          0.933333    0.5         
11          1           0.5         

12          0           0.5         
12          0.0666667   0.5         
12          0.133333    0.5         
12          0.2         0.5         
12          0.266667    0.500005    
12          0.333333    0.500078    
12          0.4         0.500451    
12          0.466667    0.500951    
12          0.533333    0.500822    
12          0.6         0.500296    
12          0.666667    0.500051    
12          0.733333    0.500004    
12          0.8         0.5         
12          0.866667    0.5         
12          0.933333    0.5         
12          1           0.5         

13          0           0.5         
13          0.0666667   0.5         
13          0.133333    0.5         
13          0.2         0.5         
13          0.266667    0.500005    
13          0.333333    0.50008     
13          0.4         0.500457    
13          0.466667    0.500954    
13          0.533333    0.500816    
13          0.6         0.500291    
13          0.666667    0.500051    
13          0.733333    0.500004    
13          0.8         0.5         
13          0.866667    0.5         
13          0.933333    0.5         
13          1           0.5         

14          0           0.5         
14          0.0666667   0.5         
14          0.133333    0.5         
14          0.2         0.5         
14          0.266667    0.500005    
14          0.333333    0.500082    
14          0.4         0.500464    
14          0.466667    0.500957    
14          0.533333    0.50081     
14          0.6         0.500286    
14          0.666667    0.50005     
14          0.733333    0.500004    
14          0.8         0.5         
14          0.866667    0.5         
14          0.933333    0.5         
14          1           0.5         

15          0           0.5         
15          0.0666667   0.5         
15          0.133333    0.5         
15          0.2         0.5         
15          0.266667    0.500005    
15          0.333333    0.500083    
15          0.4         0.500471    
15          0.466667    0.500961    
15          0.533333    0.500804    
15          0.6         0.500281    
15          0.666667    0.50005     
15          0.733333    0.500004    
15          0.8         0.5         
15          0.866667    0.5         
15          0.933333    0.5         
15          1           0.5         

16          0           0.5         
16          0.0666667   0.5         
16          0.133333    0.5         
16          0.2         0.5         
16          0.266667    0.500005    
16          0.333333    0.500085    
16          0.4         0.500478    
16          0.466667    0.500964    
16          0.533333    0.500797    
16          0.6         0.500276    
16          0.666667    0.500049    
16          0.733333    0.500004    
16          0.8         0.5         
16          0.866667    0.5         
16          0.933333    0.5         
16          1           0.5         

17          0           0.5         
17          0.0666667   0.5         
17          0.133333    0.5         
17          0.2         0.5         
17          0.266667    0.500005    
17          0.333333    0.500087    
17          0.4         0.500485    
17          0.466667    0.500967    
17          0.533333    0.500791    
17          0.6         0.500272    
17          0.666667    0.500048    
17          0.733333    0.500004    
17          0.8         0.5         
17          0.866667    0.5         
17          0.933333    0.5         
17          1           0.5         

18          0           0.5         
18          0.0666667   0.5         
18          0.133333    0.5         
18          0.2         0.5         
18          0.266667    0.500005    
18          0.333333    0.500088    
18          0.4         0.500492    
18          0.466667    0.50097     
18          0.533333    0.500784    
18          0.6         0.500267    
18          0.666667    0.500048    
18          0.733333    0.500004    
18          0.8         0.5         
18          0.866667    0.5         
18          0.933333    0.5         
18          1           0.5         

19          0           0.5         
19          0.0666667   0.5         
19          0.133333    0.5         
19          0.2         0.5         
19          0.266667    0.500005    
19          0.333333    0.50009     
19          0.4         0.500499    
19          0.466667    0.500972    
19          0.533333    0.500778    
19          0.6         0.500263    
19          0.666667    0.500047    
19          0.733333    0.500004    
19          0.8         0.5         
19          0.866667    0.5         
19          0.933333    0.5         
19          1           0.5         

20          0           0.5         
20          0.0666667   0.5         
20          0.133333    0.5         
20          0.2         0.5         
20          0.266667    0.500005    
20          0.333333    0.500092    
20          0.4         0.500506    
20          0.466667    0.500975    
20          0.533333    0.500771    
20          0.6         0.500258    
20          0.666667    0.500047    
20          0.733333    0.500004    
20          0.8         0.5         
20          0.866667    0.5         
20          0.933333    0.5         
20          1           0.5         

21          0           0.5         
21          0.0666667   0.5         
21          0.133333    0.5         
21          0.2         0.5         
21          0.266667    0.500005    
21          0.333333    0.500094    
21          0.4         0.500513    
21          0.466667    0.500977    
21          0.533333    0.500764    
21          0.6         0.500254    
21          0.666667    0.500046    
21          0.733333    0.500004    
21          0.8         0.5         
21          0.866667    0.5         
21          0.933333    0.5         
21          1           0.5         

22          0           0.5         
22          0.0666667   0.5         
22          0.133333    0.5         
22          0.2         0.5         
22          0.266667    0.500005    
22          0.333333    0.500096    
22          0.4         0.50052     
22          0.466667    0.50098     
22          0.533333    0.500758    
22          0.6         0.500249    
22          0.666667    0.500046    
22          0.733333    0.500004    
22          0.8         0.5         
22          0.866667    0.5         
22          0.933333    0.5         
22          1           0.5         

23          0           0.5         
23          0.0666667   0.5         
23          0.133333    0.5         
23          0.2         0.5         
23          0.266667    0.500005    
23          0.333333    0.500098    
23          0.4         0.500527    
23          0.466667    0.500982    
23          0.533333    0.500751    
23          0.6         0.500245    
23          0.666667    0.500045    
23          0.733333    0.500004    
23          0.8         0.5         
23          0.866667    0.5         
23          0.933333    0.5         
23          1           0.5         

24          0           0.5         
24          0.0666667   0.5         
24          0.133333    0.5         
24          0.2         0.5         
24          0.266667    0.500006    
24          0.333333    0.5001      
24          0.4         0.500535    
24          0.466667    0.500984    
24          0.533333    0.500744    
24          0.6         0.500241    
24          0.666667    0.500045    
24          0.733333    0.500004    
24          0.8         0.5         
24          0.866667    0.5         
24          0.933333    0.5         
24          1           0.5         

25          0           0.5         
25          0.0666667   0.5         
25          0.133333    0.5         
25          0.2         0.5         
25          0.266667    0.500006    
25          0.333333    0.500103    
25          0.4         0.500542    
25          0.466667    0.500986    
25          0.533333    0.500737    
25          0.6         0.500237    
25          0.666667    0.500045    
25          0.733333    0.500004    
25          0.8         0.5         
25          0.866667    0.5         
25          0.933333    0.5         
25          1           0.5         

26          0           0.5         
26          0.0666667   0.5         
26          0.133333    0.5         
26          0.2         0.5         
26          0.266667    0.500006    
26          0.333333    0.500105    
26          0.4         0.500549    
26          0.466667    0.500988    
26          0.533333    0.50073     
26          0.6         0.500233    
26          0.666667    0.500044    
26          0.733333    0.500004    
26          0.8         0.5         
26          0.866667    0.5         
26          0.933333    0.5         
26          1           0.5         

27          0           0.5         
27          0.0666667   0.5         
27          0.133333    0.5         
27          0.2         0.5         
27          0.266667    0.500006    
27          0.333333    0.500107    
27          0.4         0.500556    
27          0.466667    0.50099     
27          0.533333    0.500724    
27          0.6         0.500229    
27          0.666667    0.500044    
27          0.733333    0.500004    
27          0.8         0.5         
27          0.866667    0.5         
27          0.933333    0.5         
27          1           0.5         

28          0           0.5         
28          0.0666667   0.5         
28          0.133333    0.5         
28          0.2         0.5         
28          0.266667    0.500006    
28          0.333333    0.500109    
28          0.4         0.500563    
28          0.466667    0.500991    
28          0.533333    0.500717    
28          0.6         0.500225    
28          0.666667    0.500043    
28          0.733333    0.500004    
28          0.8         0.5         
28          0.866667    0.5         
28          0.933333    0.5         
28          1           0.5         

29          0           0.5         
29          0.0666667   0.5         
29          0.133333    0.5         
29          0.2         0.5         
29          0.266667    0.500006    
29          0.333333    0.500112    
29          0.4         0.500571    
29          0.466667    0.500992    
29          0.533333    0.50071     
29          0.6         0.500221    
29          0.666667    0.500043    
29          0.733333    0.500004    
29          0.8         0.5         
29          0.866667    0.5         
29          0.933333    0.5         
29          1           0.5         

30          0           0.5         
30          0.0666667   0.5         
30          0.133333    0.5         
30          0.2         0.5         
30          0.266667    0.500006    
30          0.333333    0.500114    
30          0.4         0.500578    
30          0.466667    0.500994    
30          0.533333    0.500703    
30          0.6         0.500217    
30          0.666667    0.500043    
30          0.733333    0.500004    
30          0.8         0.5         
30          0.866667    0.5         
30          0.933333    0.5         
30          1           0.5         

31          0           0.5         
31          0.0666667   0.5         
31          0.133333    0.5         
31          0.2         0.5         
31          0.266667    0.500006    
31          0.333333    0.500117    
31          0.4         0.500585    
31          0.466667    0.500995    
31          0.533333    0.500695    
31          0.6         0.500214    
31          0.666667    0.500042    
31          0.733333    0.500004    
31          0.8         0.5         
31          0.866667    0.5         
31          0.933333    0.5         
31          1           0.5         

32          0           0.5         
32          0.0666667   0.5         
32          0.133333    0.5         
32          0.2         0.5         
32          0.266667    0.500006    
32          0.333333    0.500119    
32          0.4         0.500593    
32          0.466667    0.500996    
32          0.533333    0.500688    
32          0.6         0.50021     
32          0.666667    0.500042    
32          0.733333    0.500004    
32          0.8         0.5         
32          0.866667    0.5         
32          0.933333    0.5         
32          1           0.5         

33          0           0.5         
33          0.0666667   0.5         
33          0.133333    0.5         
33          0.2         0.5         
33          0.266667    0.500006    
33          0.333333    0.500122    
33          0.4         0.5006      
33          0.466667    0.500997    
33          0.533333    0.500681    
33          0.6         0.500207    
33          0.666667    0.500042    
33          0.733333    0.500004    
33          0.8         0.5         
33          0.866667    0.5         
33          0.933333    0.5         
33          1           0.5         

34          0           0.5         
34          0.0666667   0.5         
34          0.133333    0.5         
34          0.2         0.5         
34          0.266667    0.500006    
34          0.333333    0.500125    
34          0.4         0.500607    
34          0.466667    0.500997    
34          0.533333    0.500674    
34          0.6         0.500203    
34          0.666667    0.500041    
34          0.733333    0.500004    
34          0.8         0.5         
34          0.866667    0.5         
34          0.933333    0.5         
34          1           0.5         

35          0           0.5         
35          0.0666667   0.5         
35          0.133333    0.5         
35          0.2         0.5         
35          0.266667    0.500007    
35          0.333333    0.500128    
35          0.4         0.500615    
35          0.466667    0.500998    
35          0.533333    0.500667    
35          0.6         0.5002      
35          0.666667    0.500041    
35          0.733333    0.500004    
35          0.8         0.5         
35          0.866667    0.5         
35          0.933333    0.5         
35          1           0.5         

36          0           0.5         
36          0.0666667   0.5         
36          0.133333    0.5         
36          0.2         0.5         
36          0.266667    0.500007    
36          0.333333    0.50013     
36          0.4         0.500622    
36          0.466667    0.500998    
36          0.533333    0.50066     
36          0.6         0.500197    
36          0.666667    0.500041    
36          0.733333    0.500004    
36          0.8         0.5         
36          0.866667    0.5         
36          0.933333    0.5         
36          1           0.5         

37          0           0.5         
37          0.0666667   0.5         
37          0.133333    0.5         
37          0.2         0.5         
37          0.266667    0.500007    
37          0.333333    0.500133    
37          0.4         0.500629    
37          0.466667    0.500999    
37          0.533333    0.500653    
37          0.6         0.500193    
37          0.666667    0.50004     
37          0.733333    0.500004    
37          0.8         0.5         
37          0.866667    0.5         
37          0.933333    0.5         
37          1           0.5         

38          0           0.5         
38          0.0666667   0.5         
38          0.133333    0.5         
38          0.2         0.5         
38          0.266667    0.500007    
38          0.333333    0.500136    
38          0.4         0.500637    
38          0.466667    0.500999    
38          0.533333    0.500645    
38          0.6         0.50019     
38          0.666667    0.50004     
38          0.733333    0.500004    
38          0.8         0.5         
38          0.866667    0.5         
38          0.933333    0.5         
38          1           0.5         

39          0           0.5         
39          0.0666667   0.5         
39          0.133333    0.5         
39          0.2         0.5         
39          0.266667    0.500007    
39          0.333333    0.50014     
39          0.4         0.500644    
39          0.466667    0.500999    
39          0.533333    0.500638    
39          0.6         0.500187    
39          0.666667    0.50004     
39          0.733333    0.500004    
39          0.8         0.5         
39          0.866667    0.5         
39          0.933333    0.5         
39          1           0.5         

40          0           0.5         
40          0.0666667   0.5         
40          0.133333    0.5         
40          0.2         0.5         
40          0.266667    0.500007    
40          0.333333    0.500143    
40          0.4         0.500651    
40          0.466667    0.500999    
40          0.533333    0.500631    
40          0.6         0.500184    
40          0.666667    0.50004     
40          0.733333    0.500004    
40          0.8         0.5         
40          0.866667    0.5         
40          0.933333    0.5         
40          1           0.5         

41          0           0.5         
41          0.0666667   0.5         
41          0.133333    0.5         
41          0.2         0.5         
41          0.266667    0.500007    
41          0.333333    0.500146    
41          0.4         0.500659    
41          0.466667    0.500999    
41          0.533333    0.500624    
41          0.6         0.500181    
41          0.666667    0.500039    
41          0.733333    0.500004    
41          0.8         0.5         
41          0.866667    0.5         
41          0.933333    0.5         
41          1           0.5         

42          0           0.5         
42          0.0666667   0.5         
42          0.133333    0.5         
42          0.2         0.5         
42          0.266667    0.500008    
42          0.333333    0.500149    
42          0.4         0.500666    
42          0.466667    0.500998    
42          0.533333    0.500616    
42          0.6         0.500178    
42          0.666667    0.500039    
42          0.733333    0.500004    
42          0.8         0.5         
42          0.866667    0.5         
42          0.933333    0.5         
42          1           0.5         

43          0           0.5         
43          0.0666667   0.5         
43          0.133333    0.5         
43          0.2         0.5         
43          0.266667    0.500008    
43          0.333333    0.500153    
43          0.4         0.500673    
43          0.466667    0.500998    
43          0.533333    0.500609    
43          0.6         0.500176    
43          0.666667    0.500039    
43          0.733333    0.500004    
43          0.8         0.5         
43          0.866667    0.5         
43          0.933333    0.5         
43          1           0.5         

44          0           0.5         
44          0.0666667   0.5         
44          0.133333    0.5         
44          0.2         0.5         
44          0.266667    0.500008    
44          0.333333    0.500156    
44          0.4         0.500681    
44          0.466667    0.500997    
44          0.533333    0.500602    
44          0.6         0.500173    
44          0.666667    0.500039    
44          0.733333    0.500004    
44          0.8         0.5         
44          0.866667    0.5         
44          0.933333    0.5         
44          1           0.5         

45          0           0.5         
45          0.0666667   0.5         
45          0.133333    0.5         
45          0.2         0.5         
45          0.266667    0.500008    
45          0.333333    0.500159    
45          0.4         0.500688    
45          0.466667    0.500996    
45          0.533333    0.500595    
45          0.6         0.50017     
45          0.666667    0.500038    
45          0.733333    0.500004    
45          0.8         0.5         
45          0.866667    0.5         
45          0.933333    0.5         
45          1           0.5         

46          0           0.5         
46          0.0666667   0.5         
46          0.133333    0.5         
46          0.2         0.5         
46          0.266667    0.500008    
46          0.333333    0.500163    
46          0.4         0.500695    
46          0.466667    0.500995    
46          0.533333    0.500588    
46          0.6         0.500168    
46          0.666667    0.500038    
46          0.733333    0.500004    
46          0.8         0.5         
46          0.866667    0.5         
46          0.933333    0.5         
46          1           0.5         

47          0           0.5         
47          0.0666667   0.5         
47          0.133333    0.5         
47          0.2         0.5         
47          0.266667    0.500009    
47          0.333333    0.500167    
47          0.4         0.500702    
47          0.466667    0.500994    
47          0.533333    0.50058     
47          0.6         0.500165    
47          0.666667    0.500038    
47          0.733333    0.500004    
47          0.8         0.5         
47          0.866667    0.5         
47          0.933333    0.5         
47          1           0.5         

48          0           0.5         
48          0.0666667   0.5         
48          0.133333    0.5         
48          0.2         0.5         
48          0.266667    0.500009    
48          0.333333    0.50017     
48          0.4         0.50071     
48          0.466667    0.500993    
48          0.533333    0.500573    
48          0.6         0.500163    
48          0.666667    0.500038    
48          0.733333    0.500003    
48          0.8         0.5         
48          0.866667    0.5         
48          0.933333    0.5         
48          1           0.5         

49          0           0.5         
49          0.0666667   0.5         
49          0.133333    0.5         
49          0.2         0.5         
49          0.266667    0.500009    
49          0.333333    0.500174    
49          0.4         0.500717    
49          0.466667    0.500991    
49          0.533333    0.500566    
49          0.6         0.50016     
49          0.666667    0.500038    
49          0.733333    0.500003    
49          0.8         0.5         
49          0.866667    0.5         
49          0.933333    0.5         
49          1           0.5         

50          0           0.5         
50          0.0666667   0.5         
50          0.133333    0.5         
50          0.2         0.5         
50          0.266667    0.500009    
50          0.333333    0.500178    
50          0.4         0.500724    
50          0.466667    0.50099     
50          0.533333    0.500559    
50          0.6         0.500158    
50          0.666667    0.500037    
50          0.733333    0.500003    
50          0.8         0.5         
50          0.866667    0.5         
50          0.933333    0.5         
50          1           0.5         

51          0           0.5         
51          0.0666667   0.5         
51          0.133333    0.5         
51          0.2         0.5         
51          0.266667    0.500009    
51          0.333333    0.500182    
51          0.4         0.500731    
51          0.466667    0.500988    
51          0.533333    0.500552    
51          0.6         0.500155    
51          0.666667    0.500037    
51          0.733333    0.500003    
51          0.8         0.5         
51          0.866667    0.5         
51          0.933333    0.5         
51          1           0.5         

52          0           0.5         
52          0.0666667   0.5         
52          0.133333    0.5         
52          0.2         0.5         
52          0.266667    0.50001     
52          0.333333    0.500186    
52          0.4         0.500738    
52          0.466667    0.500986    
52          0.533333    0.500544    
52          0.6         0.500153    
52          0.666667    0.500037    
52          0.733333    0.500003    
52          0.8         0.5         
52          0.866667    0.5         
52          0.933333    0.5         
52          1           0.5         

53          0           0.5         
53          0.0666667   0.5         
53          0.133333    0.5         
53          0.2         0.5         
53          0.266667    0.50001     
53          0.333333    0.50019     
53          0.4         0.500745    
53          0.466667    0.500984    
53          0.533333    0.500537    
53          0.6         0.500151    
53          0.666667    0.500037    
53          0.733333    0.500003    
53          0.8         0.5         
53          0.866667    0.5         
53          0.933333    0.5         
53          1           0.5         

54          0           0.5         
54          0.0666667   0.5         
54          0.133333    0.5         
54          0.2         0.5         
54          0.266667    0.50001     
54          0.333333    0.500194    
54          0.4         0.500752    
54          0.466667    0.500982    
54          0.533333    0.50053     
54          0.6         0.500149    
54          0.666667    0.500037    
54          0.733333    0.500003    
54          0.8         0.5         
54          0.866667    0.5         
54          0.933333    0.5         
54          1           0.5         

55          0           0.5         
55          0.0666667   0.5         
55          0.133333    0.5         
55          0.2         0.5         
55          0.266667    0.500011    
55          0.333333    0.500199    
55          0.4         0.500759    
55          0.466667    0.50098     
55          0.533333    0.500523    
55          0.6         0.500147    
55          0.666667    0.500037    
55          0.733333    0.500003    
55          0.8         0.5         
55          0.866667    0.5         
55          0.933333    0.5         
55          1           0.5         

56          0           0.5         
56          0.0666667   0.5         
56          0.133333    0.5         
56          0.2         0.5         
56          0.266667    0.500011    
56          0.333333    0.500203    
56          0.4         0.500766    
56          0.466667    0.500978    
56          0.533333    0.500516    
56          0.6         0.500145    
56          0.666667    0.500036    
56          0.733333    0.500003    
56          0.8         0.5         
56          0.866667    0.5         
56          0.933333    0.5         
56          1           0.5         

57          0           0.5         
57          0.0666667   0.5         
57          0.133333    0.5         
57          0.2         0.5         
57          0.266667    0.500011    
57          0.333333    0.500208    
57          0.4         0.500773    
57          0.466667    0.500975    
57          0.533333    0.500509    
57          0.6         0.500143    
57          0.666667    0.500036    
57          0.733333    0.500003    
57          0.8         0.5         
57          0.866667    0.5         
57          0.933333    0.5         
57          1           0.5         

58          0           0.5         
58          0.0666667   0.5         
58          0.133333    0.5         
58          0.2         0.5         
58          0.266667    0.500011    
58          0.333333    0.500212    
58          0.4         0.500779    
58          0.466667    0.500973    
58          0.533333    0.500502    
58          0.6         0.500141    
58          0.666667    0.500036    
58          0.733333    0.500003    
58          0.8         0.5         
58          0.866667    0.5         
58          0.933333    0.5         
58          1           0.5         

59          0           0.5         
59          0.0666667   0.5         
59          0.133333    0.5         
59          0.2         0.5         
59          0.266667    0.500012    
59          0.333333    0.500217    
59          0.4         0.500786    
59          0.466667    0.50097     
59          0.533333    0.500495    
59          0.6         0.500139    
59          0.666667    0.500036    
59          0.733333    0.500003    
59          0.8         0.5         
59          0.866667    0.5         
59          0.933333    0.5         
59          1           0.5         

60          0           0.5         
60          0.0666667   0.5         
60          0.133333    0.5         
60          0.2         0.5         
60          0.266667    0.500012    
60          0.333333    0.500221    
60          0.4         0.500793    
60          0.466667    0.500967    
60          0.533333    0.500488    
60          0.6         0.500137    
60          0.666667    0.500036    
60          0.733333    0.500003    
60          0.8         0.5         
60          0.866667    0.5         
60          0.933333    0.5         
60          1           0.5         

61          0           0.5         
61          0.0666667   0.5         
61          0.133333    0.5         
61          0.2         0.5         
61          0.266667    0.500013    
61          0.333333    0.500226    
61          0.4         0.500799    
61          0.466667    0.500964    
61          0.533333    0.500482    
61          0.6         0.500136    
61          0.666667    0.500036    
61          0.733333    0.500003    
61          0.8         0.5         
61          0.866667    0.5         
61          0.933333    0.5         
61          1           0.5         

62          0           0.5         
62          0.0666667   0.5         
62          0.133333    0.5         
62          0.2         0.5         
62          0.266667    0.500013    
62          0.333333    0.500231    
62          0.4         0.500806    
62          0.466667    0.500961    
62          0.533333    0.500475    
62          0.6         0.500134    
62          0.666667    0.500036    
62          0.733333    0.500003    
62          0.8         0.5         
62          0.866667    0.5         
62          0.933333    0.5         
62          1           0.5         

63          0           0.5         
63          0.0666667   0.5         
63          0.133333    0.5         
63          0.2         0.5         
63          0.266667    0.500013    
63          0.333333    0.500236    
63          0.4         0.500812    
63          0.466667    0.500958    
63          0.533333    0.500468    
63          0.6         0.500132    
63          0.666667    0.500035    
63          0.733333    0.500003    
63          0.8         0.5         
63          0.866667    0.5         
63          0.933333    0.5         
63          1           0.5         

64          0           0.5         
64          0.0666667   0.5         
64          0.133333    0.5         
64          0.2         0.5         
64          0.266667    0.500014    
64          0.333333    0.500241    
64          0.4         0.500819    
64          0.466667    0.500954    
64          0.533333    0.500461    
64          0.6         0.500131    
64          0.666667    0.500035    
64          0.733333    0.500003    
64          0.8         0.5         
64          0.866667    0.5         
64          0.933333    0.5         
64          1           0.5         

65          0           0.5         
65          0.0666667   0.5         
65          0.133333    0.5         
65          0.2         0.5         
65          0.266667    0.500014    
65          0.333333    0.500246    
65          0.4         0.500825    
65          0.466667    0.500951    
65          0.533333    0.500455    
65          0.6         0.500129    
65          0.666667    0.500035    
65          0.733333    0.500003    
65          0.8         0.5         
65          0.866667    0.5         
65          0.933333    0.5         
65          1           0.5         

66          0           0.5         
66          0.0666667   0.5         
66          0.133333    0.5         
66          0.2         0.5         
66          0.266667    0.500015    
66          0.333333    0.500251    
66          0.4         0.500832    
66          0.466667    0.500947    
66          0.533333    0.500448    
66          0.6         0.500127    
66          0.666667    0.500035    
66          0.733333    0.500003    
66          0.8         0.5         
66          0.866667    0.5         
66          0.933333    0.5         
66          1           0.5         

67          0           0.5         
67          0.0666667   0.5         
67          0.133333    0.5         
67          0.2         0.5         
67          0.266667    0.500015    
67          0.333333    0.500256    
67          0.4         0.500838    
67          0.466667    0.500944    
67          0.533333    0.500441    
67          0.6         0.500126    
67          0.666667    0.500035    
67          0.733333    0.500003    
67          0.8         0.5         
67          0.866667    0.5         
67          0.933333    0.5         
67          1           0.5         

68          0           0.5         
68          0.0666667   0.5         
68          0.133333    0.5         
68          0.2         0.5         
68          0.266667    0.500016    
68          0.333333    0.500262    
68          0.4         0.500844    
68          0.466667    0.50094     
68          0.533333    0.500435    
68          0.6         0.500125    
68          0.666667    0.500035    
68          0.733333    0.500003    
68          0.8         0.5         
68          0.866667    0.5         
68          0.933333    0.5         
68          1           0.5         

69          0           0.5         
69          0.0666667   0.5         
69          0.133333    0.5         
69          0.2         0.5         
69          0.266667    0.500016    
69          0.333333    0.500267    
69          0.4         0.50085     
69          0.466667    0.500936    
69          0.533333    0.500428    
69          0.6         0.500123    
69          0.666667    0.500035    
69          0.733333    0.500003    
69          0.8         0.5         
69          0.866667    0.5         
69          0.933333    0.5         
69          1           0.5         

70          0           0.5         
70          0.0666667   0.5         
70          0.133333    0.5         
70          0.2         0.5         
70          0.266667    0.500017    
70          0.333333    0.500272    
70          0.4         0.500856    
70          0.466667    0.500932    
70          0.533333    0.500422    
70          0.6         0.500122    
70          0.666667    0.500035    
70          0.733333    0.500003    
70          0.8         0.5         
70          0.866667    0.5         
70          0.933333    0.5         
70          1           0.5         

71          0           0.5         
71          0.0666667   0.5         
71          0.133333    0.5         
71          0.2         0.5         
71          0.266667    0.500017    
71          0.333333    0.500278    
71          0.4         0.500862    
71          0.466667    0.500927    
71          0.533333    0.500416    
71          0.6         0.500121    
71          0.666667    0.500034    
71          0.733333    0.500003    
71          0.8         0.5         
71          0.866667    0.5         
71          0.933333    0.5         
71          1           0.5         

72          0           0.5         
72          0.0666667   0.5         
72          0.133333    0.5         
72          0.2         0.5         
72          0.266667    0.500018    
72          0.333333    0.500284    
72          0.4         0.500868    
72          0.466667    0.500923    
72          0.533333    0.500409    
72          0.6         0.500119    
72          0.666667    0.500034    
72          0.733333    0.500003    
72          0.8         0.5         
72          0.866667    0.5         
72          0.933333    0.5         
72          1           0.5         

73          0           0.5         
73          0.0666667   0.5         
73          0.133333    0.5         
73          0.2         0.5         
73          0.266667    0.500019    
73          0.333333    0.500289    
73          0.4         0.500874    
73          0.466667    0.500919    
73          0.533333    0.500403    
73          0.6         0.500118    
73          0.666667    0.500034    
73          0.733333    0.500003    
73          0.8         0.5         
73          0.866667    0.5         
73          0.933333    0.5         
73          1           0.5         

74          0           0.5         
74          0.0666667   0.5         
74          0.133333    0.5         
74          0.2         0.5         
74          0.266667    0.500019    
74          0.333333    0.500295    
74          0.4         0.500879    
74          0.466667    0.500914    
74          0.533333    0.500397    
74          0.6         0.500117    
74          0.666667    0.500034    
74          0.733333    0.500003    
74          0.8         0.5         
74          0.866667    0.5         
74          0.933333    0.5         
74          1           0.5         

75          0           0.5         
75          0.0666667   0.5         
75          0.133333    0.5         
75          0.2         0.5         
75          0.266667    0.50002     
75          0.333333    0.500301    
75          0.4         0.500885    
75          0.466667    0.500909    
75          0.533333    0.500391    
75          0.6         0.500116    
75          0.666667    0.500034    
75          0.733333    0.500003    
75          0.8         0.5         
75          0.866667    0.5         
75          0.933333    0.5         
75          1           0.5         

76          0           0.5         
76          0.0666667   0.5         
76          0.133333    0.5         
76          0.2         0.5         
76          0.266667    0.500021    
76          0.333333    0.500307    
76          0.4         0.50089     
76          0.466667    0.500905    
76          0.533333    0.500385    
76          0.6         0.500115    
76          0.666667    0.500034    
76          0.733333    0.500003    
76          0.8         0.5         
76          0.866667    0.5         
76          0.933333    0.5         
76          1           0.5         

77          0           0.5         
77          0.0666667   0.5         
77          0.133333    0.5         
77          0.2         0.5         
77          0.266667    0.500021    
77          0.333333    0.500313    
77          0.4         0.500896    
77          0.466667    0.5009      
77          0.533333    0.500379    
77          0.6         0.500113    
77          0.666667    0.500034    
77          0.733333    0.500003    
77          0.8         0.5         
77          0.866667    0.5         
77          0.933333    0.5         
77          1           0.5         

78          0           0.5         
78          0.0666667   0.5         
78          0.133333    0.5         
78          0.2         0.5         
78          0.266667    0.500022    
78          0.333333    0.500319    
78          0.4         0.500901    
78          0.466667    0.500895    
78          0.533333    0.500373    
78          0.6         0.500112    
78          0.666667    0.500034    
78          0.733333    0.500003    
78          0.8         0.5         
78          0.866667    0.5         
78          0.933333    0.5         
78          1           0.5         

79          0           0.5         
79          0.0666667   0.5         
79          0.133333    0.5         
79          0.2         0.5         
79          0.266667    0.500023    
79          0.333333    0.500325    
79          0.4         0.500906    
79          0.466667    0.50089     
79          0.533333    0.500367    
79          0.6         0.500111    
79          0.666667    0.500034    
79          0.733333    0.500003    
79          0.8         0.5         
79          0.866667    0.5         
79          0.933333    0.5         
79          1           0.5         

80          0           0.5         
80          0.0666667   0.5         
80          0.133333    0.5         
80          0.2         0.5         
80          0.266667    0.500024    
80          0.333333    0.500331    
80          0.4         0.500911    
80          0.466667    0.500884    
80          0.533333    0.500361    
80          0.6         0.50011     
80          0.666667    0.500034    
80          0.733333    0.500003    
80          0.8         0.5         
80          0.866667    0.5         
80          0.933333    0.5         
80          1           0.5         

81          0           0.5         
81          0.0666667   0.5         
81          0.133333    0.5         
81          0.2         0.5         
81          0.266667    0.500024    
81          0.333333    0.500337    
81          0.4         0.500916    
81          0.466667    0.500879    
81          0.533333    0.500355    
81          0.6         0.500109    
81          0.666667    0.500033    
81          0.733333    0.500003    
81          0.8         0.5         
81          0.866667    0.5         
81          0.933333    0.5         
81          1           0.5         

82          0           0.5         
82          0.0666667   0.5         
82          0.133333    0.5         
82          0.2         0.5         
82          0.266667    0.500025    
82          0.333333    0.500344    
82          0.4         0.500921    
82          0.466667    0.500874    
82          0.533333    0.50035     
82          0.6         0.500109    
82          0.666667    0.500033    
82          0.733333    0.500003    
82          0.8         0.5         
82          0.866667    0.5         
82          0.933333    0.5         
82          1           0.5         

83          0           0.5         
83          0.0666667   0.5         
83          0.133333    0.5         
83          0.2         0.5         
83          0.266667    0.500026    
83          0.333333    0.50035     
83          0.4         0.500926    
83          0.466667    0.500868    
83          0.533333    0.500344    
83          0.6         0.500108    
83          0.666667    0.500033    
83          0.733333    0.500003    
83          0.8         0.5         
83          0.866667    0.5         
83          0.933333    0.5         
83          1           0.5         

84          0           0.5         
84          0.0666667   0.5         
84          0.133333    0.5         
84          0.2         0.5         
84          0.266667    0.500027    
84          0.333333    0.500356    
84          0.4         0.500931    
84          0.466667    0.500863    
84          0.533333    0.500338    
84          0.6         0.500107    
84          0.666667    0.500033    
84          0.733333    0.500003    
84          0.8         0.5         
84          0.866667    0.5         
84          0.933333    0.5         
84          1           0.5         

85          0           0.5         
85          0.0666667   0.5         
85          0.133333    0.5         
85          0.2         0.5         
85          0.266667    0.500028    
85          0.333333    0.500363    
85          0.4         0.500935    
85          0.466667    0.500857    
85          0.533333    0.500333    
85          0.6         0.500106    
85          0.666667    0.500033    
85          0.733333    0.500003    
85          0.8         0.5         
85          0.866667    0.5         
85          0.933333    0.5         
85          1           0.5         

86          0           0.5         
86          0.0666667   0.5         
86          0.133333    0.5         
86          0.2         0.5         
86          0.266667    0.500029    
86          0.333333    0.50037     
86          0.4         0.50094     
86          0.466667    0.500851    
86          0.533333    0.500328    
86          0.6         0.500105    
86          0.666667    0.500033    
86          0.733333    0.500003    
86          0.8         0.5         
86          0.866667    0.5         
86          0.933333    0.5         
86          1           0.5         

87          0           0.5         
87          0.0666667   0.5         
87          0.133333    0.5         
87          0.2         0.5         
87          0.266667    0.50003     
87          0.333333    0.500376    
87          0.4         0.500944    
87          0.466667    0.500845    
87          0.533333    0.500322    
87          0.6         0.500104    
87          0.666667    0.500033    
87          0.733333    0.500003    
87          0.8         0.5         
87          0.866667    0.5         
87          0.933333    0.5         
87          1           0.5         

88          0           0.5         
88          0.0666667   0.5         
88          0.133333    0.5         
88          0.2         0.5         
88          0.266667    0.500031    
88          0.333333    0.500383    
88          0.4         0.500948    
88          0.466667    0.500839    
88          0.533333    0.500317    
88          0.6         0.500104    
88          0.666667    0.500033    
88          0.733333    0.500003    
88          0.8         0.5         
88          0.866667    0.5         
88          0.933333    0.5         
88          1           0.5         

89          0           0.5         
89          0.0666667   0.5         
89          0.133333    0.5         
89          0.2         0.5         
89          0.266667    0.500032    
89          0.333333    0.50039     
89          0.4         0.500952    
89          0.466667    0.500833    
89          0.533333    0.500312    
89          0.6         0.500103    
89          0.666667    0.500033    
89          0.733333    0.500003    
89          0.8         0.5         
89          0.866667    0.5         
89          0.933333    0.5         
89          1           0.5         

90          0           0.5         
90          0.0666667   0.5         
90          0.133333    0.5         
90          0.2         0.5         
90          0.266667    0.500033    
90          0.333333    0.500397    
90          0.4         0.500956    
90          0.466667    0.500827    
90          0.533333    0.500307    
90          0.6         0.500102    
90          0.666667    0.500033    
90          0.733333    0.500003    
90          0.8         0.5         
90          0.866667    0.5         
90          0.933333    0.5         
90          1           0.5         

91          0           0.5         
91          0.0666667   0.5         
91          0.133333    0.5         
91          0.2         0.5         
91          0.266667    0.500035    
91          0.333333    0.500403    
91          0.4         0.50096     
91          0.466667    0.500821    
91          0.533333    0.500302    
91          0.6         0.500101    
91          0.666667    0.500033    
91          0.733333    0.500003    
91          0.8         0.5         
91          0.866667    0.5         
91          0.933333    0.5         
91          1           0.5         

92          0           0.5         
92          0.0666667   0.5         
92          0.133333    0.5         
92          0.2         0.5         
92          0.266667    0.500036    
92          0.333333    0.50041     
92          0.4         0.500964    
92          0.466667    0.500815    
92          0.533333    0.500297    
92          0.6         0.500101    
92          0.666667    0.500033    
92          0.733333    0.500003    
92          0.8         0.5         
92          0.866667    0.5         
92          0.933333    0.5         
92          1           0.5         

93          0           0.5         
93          0.0666667   0.5         
93          0.133333    0.5         
93          0.2         0.5         
93          0.266667    0.500037    
93          0.333333    0.500417    
93          0.4         0.500968    
93          0.466667    0.500808    
93          0.533333    0.500292    
93          0.6         0.5001      
93          0.666667    0.500032    
93          0.733333    0.500003    
93          0.8         0.5         
93          0.866667    0.5         
93          0.933333    0.5         
93          1           0.5         

94          0           0.5         
94          0.0666667   0.5         
94          0.133333    0.5         
94          0.2         0.5         
94          0.266667    0.500039    
94          0.333333    0.500424    
94          0.4         0.500971    
94          0.466667    0.500802    
94          0.533333    0.500287    
94          0.6         0.5001      
94          0.666667    0.500032    
94          0.733333    0.500003    
94          0.8         0.5         
94          0.866667    0.5         
94          0.933333    0.5         
94          1           0.5         

95          0           0.5         
95          0.0666667   0.5         
95          0.133333    0.5         
95          0.2         0.5         
95          0.266667    0.50004     
95          0.333333    0.500431    
95          0.4         0.500975    
95          0.466667    0.500796    
95          0.533333    0.500282    
95          0.6         0.500099    
95          0.666667    0.500032    
95          0.733333    0.500003    
95          0.8         0.5         
95          0.866667    0.5         
95          0.933333    0.5         
95          1           0.5         

96          0           0.5         
96          0.0666667   0.5         
96          0.133333    0.5         
96          0.2         0.5         
96          0.266667    0.500041    
96          0.333333    0.500439    
96          0.4         0.500978    
96          0.466667    0.500789    
96          0.533333    0.500278    
96          0.6         0.500098    
96          0.666667    0.500032    
96          0.733333    0.500003    
96          0.8         0.5         
96          0.866667    0.5         
96          0.933333    0.5         
96          1           0.5         

97          0           0.5         
97          0.0666667   0.5         
97          0.133333    0.5         
97          0.2         0.5         
97          0.266667    0.500043    
97          0.333333    0.500446    
97          0.4         0.500981    
97          0.466667    0.500782    
97          0.533333    0.500273    
97          0.6         0.500098    
97          0.666667    0.500032    
97          0.733333    0.500003    
97          0.8         0.5         
97          0.866667    0.5         
97          0.933333    0.5         
97          1           0.5         

98          0           0.5         
98          0.0666667   0.5         
98          0.133333    0.5         
98          0.2         0.5         
98          0.266667    0.500044    
98          0.333333    0.500453    
98          0.4         0.500984    
98          0.466667    0.500776    
98          0.533333    0.500269    
98          0.6         0.500097    
98          0.666667    0.500032    
98          0.733333    0.500003    
98          0.8         0.5         
98          0.866667    0.5         
98          0.933333    0.5         
98          1           0.5         

99          0           0.5         
99          0.0666667   0.5         
99          0.133333    0.5         
99          0.2         0.5         
99          0.266667    0.500046    
99          0.333333    0.50046     
99          0.4         0.500987    
99          0.466667    0.500769    
99          0.533333    0.500264    
99          0.6         0.500097    
99          0.666667    0.500032    
99          0.733333    0.500003    
99          0.8         0.5         
99          0.866667    0.5         
99          0.933333    0.5         
99          1           0.5         

